[gd_scene load_steps=2 format=2]

[ext_resource path="res://Models/ClownPuppet/ClownPuppet.glb" type="PackedScene" id=1]

[node name="ClownPuppetModel" type="Spatial"]

[node name="ClownPuppet" parent="." instance=ExtResource( 1 )]

[node name="Skeleton" parent="ClownPuppet/Armature" index="0"]
bones/6/bound_children = [ NodePath("NeckBoneAttachment") ]
bones/12/bound_children = [ NodePath("LeftHandBoneAttachment") ]
bones/16/bound_children = [ NodePath("RightHandBoneAttachment") ]
bones/21/bound_children = [ NodePath("LeftFootBoneAttachment") ]
bones/26/bound_children = [ NodePath("RightFootBoneAttachment") ]

[node name="LeftArmIK" type="SkeletonIK" parent="ClownPuppet/Armature/Skeleton" index="1"]
process_priority = 1
root_bone = "lower_arm.L"
tip_bone = "wrist.L"
interpolation = 0.644
magnet = Vector3( 0, 0, 25 )
target_node = NodePath("../../../../LeftHandHandle/LeftHandTarget")

[node name="RightArmIK" type="SkeletonIK" parent="ClownPuppet/Armature/Skeleton" index="2"]
process_priority = 1
root_bone = "lower_arm.R"
tip_bone = "wrist.R"
interpolation = 0.644
use_magnet = true
magnet = Vector3( 0, 0, 25 )
target_node = NodePath("../../../../RightHandHandle/RightHandTarget")

[node name="LeftFootIK" type="SkeletonIK" parent="ClownPuppet/Armature/Skeleton" index="3"]
process_priority = 1
root_bone = "foot.L"
tip_bone = "toe.L"
interpolation = 0.644
use_magnet = true
magnet = Vector3( 0, 0, 25 )
target_node = NodePath("../../../../LeftFootHandle/LeftFootTarget")

[node name="RightFootIK" type="SkeletonIK" parent="ClownPuppet/Armature/Skeleton" index="4"]
process_priority = 1
root_bone = "shin.R"
tip_bone = "toe.R"
interpolation = 0.644
use_magnet = true
magnet = Vector3( 0, 0, 25 )
target_node = NodePath("../../../../RightFootHandle/RightFootTarget")

[node name="HeadIK" type="SkeletonIK" parent="ClownPuppet/Armature/Skeleton" index="5"]
process_priority = 1
root_bone = "neck"
tip_bone = "head"
interpolation = 0.644
use_magnet = true
magnet = Vector3( 0, 0, 25 )
target_node = NodePath("../../../../HeadHandle/HeadTarget")

[node name="LeftHandBoneAttachment" type="BoneAttachment" parent="ClownPuppet/Armature/Skeleton" index="6"]
transform = Transform( -0.0665193, 0.997785, -2.23517e-08, -0.997785, -0.0665193, 2.79397e-08, 1.32131e-08, -7.45058e-09, 1, 0.51096, 0.880579, -1.86265e-09 )
bone_name = "wrist.L"

[node name="RightHandBoneAttachment" type="BoneAttachment" parent="ClownPuppet/Armature/Skeleton" index="7"]
transform = Transform( -0.0665192, -0.997785, 7.45058e-09, 0.997785, -0.0665192, 1.44355e-08, -6.40284e-10, -7.45058e-09, 1, -0.51096, 0.880579, -1.11759e-08 )
bone_name = "wrist.R"

[node name="LeftFootBoneAttachment" type="BoneAttachment" parent="ClownPuppet/Armature/Skeleton" index="8"]
transform = Transform( 0.0168349, 0.0980776, -0.995036, -0.906154, -0.419138, -0.0566443, -0.422613, 0.902609, 0.0818172, 0.153453, 0.0468816, -0.0275272 )
bone_name = "foot.L"

[node name="RightFootBoneAttachment" type="BoneAttachment" parent="ClownPuppet/Armature/Skeleton" index="9"]
transform = Transform( 0.0168349, -0.0980776, 0.995036, 0.906154, -0.419138, -0.0566443, 0.422613, 0.902609, 0.0818172, -0.153453, 0.0468816, -0.0275272 )
bone_name = "foot.R"

[node name="NeckBoneAttachment" type="BoneAttachment" parent="ClownPuppet/Armature/Skeleton" index="10"]
transform = Transform( 1, -2.13163e-14, 2.38419e-07, -8.0757e-08, 0.940888, 0.338719, -2.24325e-07, -0.338719, 0.940887, 1.13132e-16, 0.969229, -0.00879174 )
bone_name = "neck"

[node name="LeftHandHandle" type="Position3D" parent="."]
transform = Transform( 1, 0, 0, 0, 1, 0, 0, 0, 1, 0.573647, 0.880886, -0.0192296 )
__meta__ = {
"_edit_group_": true
}

[node name="LeftHandTarget" type="Position3D" parent="LeftHandHandle"]
transform = Transform( -0.94711, 0.0868978, -0.308921, -0.320911, -0.256463, 0.911725, -4.20783e-08, 0.96264, 0.270785, 0.111223, -0.00999993, 0 )

[node name="RightHandHandle" type="Position3D" parent="."]
transform = Transform( 1, 0, 0, 0, 1, 0, 0, 0, 1, -0.669448, 0.875, -0.005 )
__meta__ = {
"_edit_group_": true
}

[node name="RightHandTarget" type="Position3D" parent="RightHandHandle"]
transform = Transform( -4.37114e-08, -1, 0, 1, -4.37114e-08, 0, 0, 0, 1, 0.175943, -0.00999999, 0.102728 )

[node name="LeftFootHandle" type="Position3D" parent="."]
transform = Transform( 1, 0, 0, 0, 1, 0, 0, 0, 1, 0.145, 0.0744164, -0.0790939 )
__meta__ = {
"_edit_group_": true
}

[node name="LeftFootTarget" type="Position3D" parent="LeftFootHandle"]
transform = Transform( 1, 0, 0, 0, -4.37114e-08, -1, 0, 1, -4.37114e-08, 0, -0.0647269, 0.201438 )

[node name="RightFootHandle" type="Position3D" parent="."]
transform = Transform( 1, 0, 0, 0, 1, 0, 0, 0, 1, -0.154672, 0.0666173, -0.0315476 )
__meta__ = {
"_edit_group_": true
}

[node name="RightFootTarget" type="Position3D" parent="RightFootHandle"]
transform = Transform( 1, 0, 0, 0, -0.728215, -0.685348, 0, 0.685348, -0.728215, -0.00909932, 0.000494301, 0.136577 )

[node name="HeadHandle" type="Position3D" parent="."]
transform = Transform( 1, 0, 0, 0, 1, 0, 0, 0, 1, 0, 0.984135, -0.0308714 )
__meta__ = {
"_edit_group_": true
}

[node name="HeadTarget" type="Position3D" parent="HeadHandle"]

[editable path="ClownPuppet"]
