[gd_scene load_steps=2 format=3 uid="uid://dlk4igjt1ir5x"]

[ext_resource type="PackedScene" uid="uid://c8j2snrxt4n4q" path="res://Models/ClownPuppet/ClownPuppet.glb" id="1"]

[node name="ClownPuppetModel" type="Node3D"]

[node name="ClownPuppet" parent="." instance=ExtResource("1")]

[node name="ClownPuppet_Armature_Skeleton#LeftArmIK" type="SkeletonIK3D" parent="ClownPuppet/Armature/Skeleton3D" index="1"]
process_priority = 1
root_bone = &"lower_arm.L"
tip_bone = &"wrist.L"
interpolation = 0.644
magnet = Vector3(0, 0, 25)
target_node = NodePath("../../../../LeftHandHandle/LeftHandTarget")

[node name="ClownPuppet_Armature_Skeleton#RightArmIK" type="SkeletonIK3D" parent="ClownPuppet/Armature/Skeleton3D" index="2"]
process_priority = 1
root_bone = &"lower_arm.R"
tip_bone = &"wrist.R"
interpolation = 0.644
use_magnet = true
magnet = Vector3(0, 0, 25)
target_node = NodePath("../../../../RightHandHandle/RightHandTarget")

[node name="ClownPuppet_Armature_Skeleton#LeftFootIK" type="SkeletonIK3D" parent="ClownPuppet/Armature/Skeleton3D" index="3"]
process_priority = 1
root_bone = &"foot.L"
tip_bone = &"toe.L"
interpolation = 0.644
use_magnet = true
magnet = Vector3(0, 0, 25)
target_node = NodePath("../../../../LeftFootHandle/LeftFootTarget")

[node name="ClownPuppet_Armature_Skeleton#RightFootIK" type="SkeletonIK3D" parent="ClownPuppet/Armature/Skeleton3D" index="4"]
process_priority = 1
root_bone = &"shin.R"
tip_bone = &"toe.R"
interpolation = 0.644
use_magnet = true
magnet = Vector3(0, 0, 25)
target_node = NodePath("../../../../RightFootHandle/RightFootTarget")

[node name="ClownPuppet_Armature_Skeleton#HeadIK" type="SkeletonIK3D" parent="ClownPuppet/Armature/Skeleton3D" index="5"]
process_priority = 1
root_bone = &"neck"
tip_bone = &"head"
interpolation = 0.644
use_magnet = true
magnet = Vector3(0, 0, 25)
target_node = NodePath("../../../../HeadHandle/HeadTarget")

[node name="ClownPuppet_Armature_Skeleton#LeftHandBoneAttachment" type="BoneAttachment3D" parent="ClownPuppet/Armature/Skeleton3D" index="6"]
transform = Transform3D(-0.0665193, 0.997785, -5.48113e-09, -0.997785, -0.0665193, 6.88613e-09, -4.69446e-09, -2.11539e-08, 1, 0.51096, 0.880579, -7.45058e-09)
bone_name = "wrist.L"
bone_idx = 12

[node name="ClownPuppet_Armature_Skeleton#RightHandBoneAttachment" type="BoneAttachment3D" parent="ClownPuppet/Armature/Skeleton3D" index="7"]
transform = Transform3D(-0.0665192, -0.997785, -9.56111e-09, 0.997785, -0.0665192, -5.99073e-09, 1.72511e-08, -2.11539e-08, 1, -0.51096, 0.880579, -1.30385e-08)
bone_name = "wrist.R"
bone_idx = 16

[node name="ClownPuppet_Armature_Skeleton#LeftFootBoneAttachment" type="BoneAttachment3D" parent="ClownPuppet/Armature/Skeleton3D" index="8"]
transform = Transform3D(0.0168348, 0.0980776, -0.995036, -0.906154, -0.419138, -0.0566444, -0.422613, 0.902609, 0.0818174, 0.153453, 0.0468815, -0.0275273)
bone_name = "foot.L"
bone_idx = 21

[node name="ClownPuppet_Armature_Skeleton#RightFootBoneAttachment" type="BoneAttachment3D" parent="ClownPuppet/Armature/Skeleton3D" index="9"]
transform = Transform3D(0.0168348, -0.0980776, 0.995036, 0.906154, -0.419138, -0.0566444, 0.422613, 0.902609, 0.0818174, -0.153453, 0.0468815, -0.0275273)
bone_name = "foot.R"
bone_idx = 26

[node name="ClownPuppet_Armature_Skeleton#NeckBoneAttachment" type="BoneAttachment3D" parent="ClownPuppet/Armature/Skeleton3D" index="10"]
transform = Transform3D(1, -2.05474e-14, 2.38419e-07, -8.0757e-08, 0.940888, 0.338719, -2.24325e-07, -0.338719, 0.940887, 6.5971e-17, 0.969229, -0.00879174)
bone_name = "neck"
bone_idx = 6

[node name="LeftHandHandle" type="Marker3D" parent="."]
transform = Transform3D(1, 0, 0, 0, 1, 0, 0, 0, 1, 0.573647, 0.880886, -0.0192296)

[node name="LeftHandTarget" type="Marker3D" parent="LeftHandHandle"]
transform = Transform3D(-0.94711, 0.0868978, -0.308921, -0.320911, -0.256463, 0.911725, -4.20783e-08, 0.96264, 0.270785, 0.111223, -0.00999993, 0)

[node name="RightHandHandle" type="Marker3D" parent="."]
transform = Transform3D(1, 0, 0, 0, 1, 0, 0, 0, 1, -0.669448, 0.875, -0.005)

[node name="RightHandTarget" type="Marker3D" parent="RightHandHandle"]
transform = Transform3D(-4.37114e-08, -1, 0, 1, -4.37114e-08, 0, 0, 0, 1, 0.175943, -0.00999999, 0.102728)

[node name="LeftFootHandle" type="Marker3D" parent="."]
transform = Transform3D(1, 0, 0, 0, 1, 0, 0, 0, 1, 0.145, 0.0744164, -0.0790939)

[node name="LeftFootTarget" type="Marker3D" parent="LeftFootHandle"]
transform = Transform3D(1, 0, 0, 0, -4.37114e-08, -1, 0, 1, -4.37114e-08, 0, -0.0647269, 0.201438)

[node name="RightFootHandle" type="Marker3D" parent="."]
transform = Transform3D(1, 0, 0, 0, 1, 0, 0, 0, 1, -0.154672, 0.0666173, -0.0315476)

[node name="RightFootTarget" type="Marker3D" parent="RightFootHandle"]
transform = Transform3D(1, 0, 0, 0, -0.728215, -0.685348, 0, 0.685348, -0.728215, -0.00909932, 0.000494301, 0.136577)

[node name="HeadHandle" type="Marker3D" parent="."]
transform = Transform3D(1, 0, 0, 0, 1, 0, 0, 0, 1, 0, 0.984135, -0.0308714)

[node name="HeadTarget" type="Marker3D" parent="HeadHandle"]

[editable path="ClownPuppet"]
