[gd_scene load_steps=8 format=3 uid="uid://d4apl4ogrj486"]

[ext_resource type="PackedScene" path="res://Models/Environment/Props/Prop_ShelfItem_03_.tscn" id="1"]
[ext_resource type="Script" path="res://render/Model.cs" id="2"]
[ext_resource type="PackedScene" path="res://Models/Environment/Props/Prop_Shelf_Isle_Empty_02_.tscn" id="3"]
[ext_resource type="PackedScene" path="res://Models/Environment/Props/Prop_ShelfItem_01_.tscn" id="4"]
[ext_resource type="PackedScene" path="res://Models/Environment/Props/Prop_ShelfItem_06_.tscn" id="5"]

[sub_resource type="Animation" id="1"]
resource_name = "ProgressTask"
length = 3.0
tracks/0/type = "value"
tracks/0/imported = false
tracks/0/enabled = true
tracks/0/path = NodePath("ShelfItems/FirstShelf:visible")
tracks/0/interp = 1
tracks/0/loop_wrap = true
tracks/0/keys = {
"times": PackedFloat32Array(0, 1),
"transitions": PackedFloat32Array(1, 1),
"update": 1,
"values": [false, true]
}
tracks/1/type = "value"
tracks/1/imported = false
tracks/1/enabled = true
tracks/1/path = NodePath("ShelfItems/SecondShelf:visible")
tracks/1/interp = 1
tracks/1/loop_wrap = true
tracks/1/keys = {
"times": PackedFloat32Array(0, 2),
"transitions": PackedFloat32Array(1, 1),
"update": 1,
"values": [false, true]
}
tracks/2/type = "value"
tracks/2/imported = false
tracks/2/enabled = true
tracks/2/path = NodePath("ShelfItems/ThirdShelf:visible")
tracks/2/interp = 1
tracks/2/loop_wrap = true
tracks/2/keys = {
"times": PackedFloat32Array(0, 3),
"transitions": PackedFloat32Array(1, 1),
"update": 1,
"values": [false, true]
}

[sub_resource type="AnimationLibrary" id="AnimationLibrary_stccf"]
_data = {
"ProgressTask": SubResource("1")
}

[node name="StockShelvesTaskModel" type="Node3D" node_paths=PackedStringArray("_AnimPlayer")]
script = ExtResource("2")
_AnimPlayer = NodePath("AnimationPlayer")

[node name="Prop_Shelf_Isle_Empty_02_" parent="." instance=ExtResource("3")]
transform = Transform3D(1, 0, 0, 0, 1, 0, 0, 0, 1, 1, 0, 0)

[node name="ShelfItems" type="Node3D" parent="."]
transform = Transform3D(1, 0, 0, 0, 1, 0, 0, 0, 1, 1, 0, 0)

[node name="FirstShelf" type="Node3D" parent="ShelfItems"]
transform = Transform3D(1, 0, 0, 0, 1, 0, 0, 0, 1, 0, 0.265, 0)

[node name="Prop_ShelfItem_01_" parent="ShelfItems/FirstShelf" instance=ExtResource("4")]
transform = Transform3D(1, 0, 0, 0, 1, 0, 0, 0, 1, -1.36045, 0, 0.641)

[node name="Prop_ShelfItem_01_2" parent="ShelfItems/FirstShelf" instance=ExtResource("4")]
transform = Transform3D(0.986774, 0, 0.162103, 0, 1, 0, -0.162103, 0, 0.986774, -0.763704, 0, 0.641)

[node name="Prop_ShelfItem_01_3" parent="ShelfItems/FirstShelf" instance=ExtResource("4")]
transform = Transform3D(0.993649, 0, -0.112527, 0, 1, 0, 0.112527, 0, 0.993649, -0.00317931, 0, 0.641)

[node name="Prop_ShelfItem_01_4" parent="ShelfItems/FirstShelf" instance=ExtResource("4")]
transform = Transform3D(0.993649, 0, -0.112527, 0, 1, 0, 0.112527, 0, 0.993649, 0.584585, 0, 0.567918)

[node name="Prop_ShelfItem_01_8" parent="ShelfItems/FirstShelf" instance=ExtResource("4")]
transform = Transform3D(-0.999712, 0, -0.0240135, 0, 1, 0, 0.0240135, 0, -0.999712, 0.659592, 0, -0.598017)

[node name="Prop_ShelfItem_01_9" parent="ShelfItems/FirstShelf" instance=ExtResource("4")]
transform = Transform3D(-0.982597, 0, -0.185752, 0, 1, 0, 0.185752, 0, -0.982597, 0.0630154, 0, -0.583687)

[node name="Prop_ShelfItem_01_10" parent="ShelfItems/FirstShelf" instance=ExtResource("4")]
transform = Transform3D(-0.996064, 0, 0.0886333, 0, 1, 0, -0.0886333, 0, -0.996064, -0.69729, 0, -0.565424)

[node name="Prop_ShelfItem_01_11" parent="ShelfItems/FirstShelf" instance=ExtResource("4")]
transform = Transform3D(-0.996064, 0, 0.0886333, 0, 1, 0, -0.0886333, 0, -0.996064, -1.28313, 0, -0.478249)

[node name="Prop_ShelfItem_01_5" parent="ShelfItems/FirstShelf" instance=ExtResource("4")]
transform = Transform3D(0.36187, 0, 0.932229, 0, 1, 0, -0.932229, 0, 0.36187, 1.4466, 0, 0.567918)

[node name="Prop_ShelfItem_01_6" parent="ShelfItems/FirstShelf" instance=ExtResource("4")]
transform = Transform3D(-0.142905, 0, 0.989736, 0, 1, 0, -0.989736, 0, -0.142905, 1.4466, 0, -0.0194898)

[node name="Prop_ShelfItem_01_7" parent="ShelfItems/FirstShelf" instance=ExtResource("4")]
transform = Transform3D(-0.64889, 0, 0.760882, 0, 1, 0, -0.760882, 0, -0.64889, 1.4466, 0, -0.557783)

[node name="SecondShelf" type="Node3D" parent="ShelfItems"]
transform = Transform3D(1, 0, 0, 0, 1, 0, 0, 0, 1, 0, 0.785438, 0)

[node name="Prop_ShelfItem_03_" parent="ShelfItems/SecondShelf" instance=ExtResource("1")]
transform = Transform3D(0.987069, 0, 0.160295, 0, 1, 0, -0.160295, 0, 0.987069, 0.657278, 0, 0.535891)

[node name="Prop_ShelfItem_03_2" parent="ShelfItems/SecondShelf" instance=ExtResource("1")]
transform = Transform3D(0.996311, 0, -0.0858169, 0, 1, 0, 0.0858169, 0, 0.996311, -0.192078, 0, 0.471856)

[node name="Prop_ShelfItem_03_3" parent="ShelfItems/SecondShelf" instance=ExtResource("1")]
transform = Transform3D(0.979649, 0, 0.200718, 0, 1, 0, -0.200718, 0, 0.979649, -1.05257, 0, 0.471856)

[node name="Prop_ShelfItem_03_6" parent="ShelfItems/SecondShelf" instance=ExtResource("1")]
transform = Transform3D(-0.980285, 0, -0.197589, 0, 1, 0, 0.197589, 0, -0.980285, -1.16127, 0, -0.45544)

[node name="Prop_ShelfItem_03_7" parent="ShelfItems/SecondShelf" instance=ExtResource("1")]
transform = Transform3D(-0.998848, 0, 0.0479956, 0, 1, 0, -0.0479956, 0, -0.998848, -0.310099, 0, -0.423642)

[node name="Prop_ShelfItem_03_8" parent="ShelfItems/SecondShelf" instance=ExtResource("1")]
transform = Transform3D(-0.971338, 0, -0.237704, 0, 1, 0, 0.237704, 0, -0.971338, 0.549779, 0, -0.456254)

[node name="Prop_ShelfItem_03_4" parent="ShelfItems/SecondShelf" instance=ExtResource("1")]
transform = Transform3D(0.301356, 0, 0.953512, 0, 1, 0, -0.953512, 0, 0.301356, 1.38653, 0, 0.310964)

[node name="Prop_ShelfItem_03_5" parent="ShelfItems/SecondShelf" instance=ExtResource("1")]
transform = Transform3D(-0.230814, 0, 0.972998, 0, 1, 0, -0.972998, 0, -0.230814, 1.38653, 0, -0.407932)

[node name="ThirdShelf" type="Node3D" parent="ShelfItems"]
transform = Transform3D(1, 0, 0, 0, 1, 0, 0, 0, 1, 0, 1.3, 0)

[node name="Prop_ShelfItem_06_" parent="ShelfItems/ThirdShelf" instance=ExtResource("5")]
transform = Transform3D(1, 0, 0, 0, 1, 0, 0, 0, 1, 0.645013, 0, -0.491534)

[node name="Prop_ShelfItem_06_2" parent="ShelfItems/ThirdShelf" instance=ExtResource("5")]
transform = Transform3D(1, 0, 0, 0, 1, 0, 0, 0, 1, -0.183935, 0, -0.491534)

[node name="Prop_ShelfItem_06_3" parent="ShelfItems/ThirdShelf" instance=ExtResource("5")]
transform = Transform3D(1, 0, 0, 0, 1, 0, 0, 0, 1, -1.05433, 0, -0.491534)

[node name="Prop_ShelfItem_06_4" parent="ShelfItems/ThirdShelf" instance=ExtResource("5")]
transform = Transform3D(1, 0, 0, 0, 1, 0, 0, 0, 1, 0.645013, 0, 0.470241)

[node name="Prop_ShelfItem_06_5" parent="ShelfItems/ThirdShelf" instance=ExtResource("5")]
transform = Transform3D(1, 0, 0, 0, 1, 0, 0, 0, 1, -0.183935, 0, 0.470241)

[node name="Prop_ShelfItem_06_6" parent="ShelfItems/ThirdShelf" instance=ExtResource("5")]
transform = Transform3D(1, 0, 0, 0, 1, 0, 0, 0, 1, -1.05433, 0, 0.470241)

[node name="Prop_ShelfItem_06_7" parent="ShelfItems/ThirdShelf" instance=ExtResource("5")]
transform = Transform3D(0.0647414, 0, 0.997902, 0, 1, 0, -0.997902, 0, 0.0647414, 1.43601, 0, 0.366024)

[node name="Prop_ShelfItem_06_8" parent="ShelfItems/ThirdShelf" instance=ExtResource("5")]
transform = Transform3D(-0.082495, 0, 0.996592, 0, 1, 0, -0.996592, 0, -0.082495, 1.43601, 0, -0.369595)

[node name="AnimationPlayer" type="AnimationPlayer" parent="."]
unique_name_in_owner = true
libraries = {
"": SubResource("AnimationLibrary_stccf")
}
